EUCLIDEAN
25
-62.274826727872615 24.76908701013963
-65.07491348025908 69.09669846600218
-33.735792152362976 -95.3508585728743
-51.61096056550583 -51.19868856055505
-45.15168513917705 76.4143921961849
-95.34107484833972 -35.45786489203164
49.56116082251356 18.878763742296
3.628402348565672 -48.73836317257712
27.71473176436679 -40.893290885531286
85.09642027235878 -32.35752419770688
-20.810541209835122 -40.5419516958647
72.16619630692952 49.17303349245813
-70.6533728546215 11.521224379555733
51.054639765877454 -10.96812306420334
-26.339676337557165 94.00467343347543
63.80748599758954 -62.056918372578565
-44.25446755893414 1.252216841951622
-18.39123427668939 -43.97616827348665
-63.62022929542197 1.1709772485618117
56.33308788623032 -65.84327303080858
-21.665908646459187 38.814590186255
-44.88628284977649 -90.24324989599366
-33.83999178265451 20.62135553679687
93.73804280137355 -43.703019599572855
41.51627869868409 99.09127525450506
0.0 44.4159613562828 123.46367004657023 76.71258675529268 54.40992120584509 68.70707751164173 111.99099972573613 98.72477315783556 111.39869168236255 158.05611076606834 77.36161031402158 136.63799353970353 15.675008755240933 118.8306196216099 78.00577838184675 153.0865924662282 29.627293617287354 81.55783107974666 23.63643146475886 149.25963017941842 42.96929586592284 116.31938402007802 28.735753248118534 170.37736012252748 127.65728036856143
44.4159613562828 0.0 167.40710720175272 121.04651241551689 21.22460056301767 108.84712785805515 125.15298837608803 136.4010533582605 143.90175823169767 181.23020933977207 118.23691581655413 138.67975570211098 57.84508989767825 141.05477228300688 46.052424621094914 183.88024392252967 70.96734921919341 122.33085913483974 67.94129605024504 181.5177641537202 52.92776003693332 160.61382241493897 57.666968062830776 194.79561462873073 110.73101140534115
123.46367004657023 167.40710720175272 0.0 47.633347169760846 172.14419532602366 85.92078647280104 141.3746405447782 59.73949914542264 82.1084256825213 134.49630063855233 56.31232888968479 179.1713887241598 113.0687838419555 119.62384125586372 189.49992092492747 103.06880015940746 97.17405369702011 53.617294409153956 101.04229002599709 94.77922111902394 134.70727422297819 12.264628375505383 115.97226092071485 137.53936843109517 208.4960852743176
76.71258675529268 121.04651241551689 47.633347169760846 0.0 127.77644782689573 46.47683751024008 123.0717167646998 55.29412641653023 79.99229140894764 137.99962844187954 32.59189888742945 159.3589255464243 65.54693696126265 110.26660370012114 147.38607173304817 115.9280766755354 52.96428482381728 33.99580877109701 53.72899061387554 108.93292179344658 94.8635677443418 39.619427813350036 73.98598560286028 145.54215139579924 176.8042870422031
54.40992120584509 21.22460056301767 172.14419532602366 127.77644782689573 0.0 122.61474929791366 110.81909461706897 134.3231518082606 138.09636933084602 169.6935436582498 119.46245294813055 120.43910050738434 69.7241658653099 129.96676854091933 25.754798953965825 176.19990018567586 75.16753024655533 123.32886434474803 77.47682631749547 174.7466808607643 44.332006594015425 166.65785341861303 56.92817708541012 183.62611236943346 89.58558467209741
68.70707751164173 108.84712785805515 85.92078647280104 46.47683751024008 122.61474929791366 0.0 154.7550552122816 99.856542355563 123.17579062800706 180.46412872882237 74.70373741031418 187.67278665605923 53.07087203465206 148.42995894428122 146.7029032641386 161.35604750176375 62.908437790630906 77.4198905740696 48.45497001497964 154.68782973780736 104.6156188063275 74.47902017112354 83.23017591088852 189.25880509858825 191.92031245823733
111.99099972573613 125.15298837608803 141.3746405447782 123.0717167646998 110.81909461706897 154.7550552122816 0.0 81.74285383596593 63.63933513971221 62.35312234394281 92.10319142197265 37.79855035510348 120.43947647131861 29.884228807085783 106.79344262887501 82.17993928200501 95.4571489425278 92.5649527544137 114.55825056073434 84.99224971219189 73.96440090436428 144.31886043308918 83.41935555992264 76.6033713854863 80.61493119442937
98.72477315783556 136.4010533582605 59.73949914542264 55.29412641653023 134.3231518082606 99.856542355563 81.74285383596593 0.0 25.33172761410995 83.09855492096179 25.776794279861154 119.51598553154726 95.6504052228217 60.628698100878196 145.85492874652715 61.63526605322392 69.22302594345 22.528712732093624 83.74557134118716 55.41084567918397 91.13353834108972 63.84614555177062 78.83305866332944 90.25021876667394 152.60764453920294
111.39869168236255 143.90175823169767 82.1084256825213 79.99229140894764 138.09636933084602 123.17579062800706 63.63933513971221 25.33172761410995 0.0 58.01308032657112 48.5265448640948 100.43841639004432 111.46104887720313 37.95084945892019 145.3249455966227 41.840005216901226 83.40149562714292 46.2089194589983 100.55584401440828 37.96724794039541 93.76456661413908 87.78568093565922 87.02319067590126 66.08307026565767 140.66329107195799
158.05611076606834 181.23020933977207 134.49630063855233 137.99962844187954 169.6935436582498 180.46412872882237 62.35312234394281 83.09855492096179 58.01308032657112 0.0 106.22273459040446 82.5495156198114 161.8126776115017 40.203846842079365 168.47969793965234 36.541383894289595 133.64605072914287 104.13782950600988 152.44934328457617 44.14322898099411 128.3108130363674 142.28935431210041 130.20227267771835 14.26176377057682 138.4847125751047
77.36161031402158 118.23691581655413 56.31232888968479 32.59189888742945 119.46245294813055 74.70373741031418 92.10319142197265 25.776794279861154 48.5265448640948 106.22273459040446 0.0 129.20314348576173 72.07553100346017 77.71239010998693 134.6601859086634 87.31039067359949 47.92045707659073 4.200820103120396 59.77154703626142 81.18679924350633 79.36115166087407 55.22554099591374 62.53572366149203 114.59219192102394 152.9119699319921
136.63799353970353 138.67975570211098 179.1713887241598 159.3589255464243 120.43910050738434 187.67278665605923 37.79855035510348 119.51598553154726 100.43841639004432 82.5495156198114 129.20314348576173 0.0 147.69931639979075 63.73897184265607 108.22792100587004 111.54357995839047 125.89748068734288 129.91313260613666 144.0213552967237 116.10098228919365 94.40212533471679 182.0389599799455 109.78392517745056 95.34833925734426 58.576858143864285
15.675008755240933 57.84508989767825 113.0687838419555 65.54693696126265 69.7241658653099 53.07087203465206 120.43947647131861 95.6504052228217 111.46104887720313 161.8126776115017 72.07553100346017 147.69931639979075 0.0 123.7683767546365 93.63345057636745 153.27578299955826 28.32586656429137 76.23182878578305 12.513701450688266 148.69709704982867 56.077620015513176 104.97595511304831 37.921463751137665 173.41930303299128 142.30440801265155
118.8306196216099 141.05477228300688 119.62384125586372 110.26660370012114 129.96676854091933 148.42995894428122 29.884228807085783 60.628698100878196 37.95084945892019 40.203846842079365 77.71239010998693 63.73897184265607 123.7683767546365 0.0 130.41920169078418 52.65643448877597 96.08934720599584 76.8912249224458 115.31558156047059 55.12843275857451 88.12829681758498 124.45564015559657 90.58141986105123 53.790764503508825 110.47194888352547
78.00577838184675 46.052424621094914 189.49992092492747 147.38607173304817 25.754798953965825 146.7029032641386 106.79344262887501 145.85492874652715 145.3249455966227 168.47969793965234 134.6601859086634 108.22792100587004 93.63345057636745 130.41920169078418 0.0 180.22688843266064 94.46670285485799 138.2095887026537 100.03966601402169 179.96152903676543 55.387628521768946 185.17903192408426 73.76561581998045 182.707600701482 68.04633827007959
153.0865924662282 183.88024392252967 103.06880015940746 115.9280766755354 176.19990018567586 161.35604750176375 82.17993928200501 61.63526605322392 41.840005216901226 36.541383894289595 87.31039067359949 111.54357995839047 153.27578299955826 52.65643448877597 180.22688843266064 0.0 125.24149635030693 84.16378757443705 142.2518520423359 8.378729541224637 132.21483438295468 112.28893387592787 127.94814142251916 35.10988223782988 162.68263039462698
29.627293617287354 70.96734921919341 97.17405369702011 52.96428482381728 75.16753024655533 62.908437790630906 95.4571489425278 69.22302594345 83.40149562714292 133.64605072914287 47.92045707659073 125.89748068734288 28.32586656429137 96.08934720599584 94.46670285485799 125.24149635030693 0.0 52.10099476941117 19.365932136252837 120.91179045775354 43.831209029630756 91.49764818920863 21.9914719715363 145.1306521691851 130.11188364113318
81.55783107974666 122.33085913483974 53.617294409153956 33.99580877109701 123.32886434474803 77.4198905740696 92.5649527544137 22.528712732093624 46.2089194589983 104.13782950600988 4.200820103120396 129.91313260613666 76.23182878578305 76.8912249224458 138.2095887026537 84.16378757443705 52.10099476941117 0.0 63.90560804181083 77.85816972659647 82.85549576562384 53.31632433649164 66.41915530099928 112.12960977479173 155.10384749750614
23.63643146475886 67.94129605024504 101.04229002599709 53.72899061387554 77.47682631749547 48.45497001497964 114.55825056073434 83.74557134118716 100.55584401440828 152.44934328457617 59.77154703626142 144.0213552967237 12.513701450688266 115.31558156047059 100.03966601402169 142.2518520423359 19.365932136252837 63.90560804181083 0.0 137.4034498962387 56.36671549876618 93.31410222396556 35.56936549718434 163.6316026640806 143.67348424384878
149.25963017941842 181.5177641537202 94.77922111902394 108.93292179344658 174.7466808607643 154.68782973780736 84.99224971219189 55.41084567918397 37.96724794039541 44.14322898099411 81.18679924350633 116.10098228919365 148.69709704982867 55.12843275857451 179.96152903676543 8.378729541224637 120.91179045775354 77.85816972659647 137.4034498962387 0.0 130.52628774797856 104.1187777646989 124.92924513621709 43.466325749978495 165.59874109600173
42.96929586592284 52.92776003693332 134.70727422297819 94.8635677443418 44.332006594015425 104.6156188063275 73.96440090436428 91.13353834108972 93.76456661413908 128.3108130363674 79.36115166087407 94.40212533471679 56.077620015513176 88.12829681758498 55.387628521768946 132.21483438295468 43.831209029630756 82.85549576562384 56.36671549876618 130.52628774797856 0.0 131.13013332120636 21.890684941710695 141.87046181125896 87.32277801658502
116.31938402007802 160.61382241493897 12.264628375505383 39.619427813350036 166.65785341861303 74.47902017112354 144.31886043308918 63.84614555177062 87.78568093565922 142.28935431210041 55.22554099591374 182.0389599799455 104.97595511304831 124.45564015559657 185.17903192408426 112.28893387592787 91.49764818920863 53.31632433649164 93.31410222396556 104.1187777646989 131.13013332120636 0.0 111.4135596958822 146.22823495577038 208.1176711769098
28.735753248118534 57.666968062830776 115.97226092071485 73.98598560286028 56.92817708541012 83.23017591088852 83.41935555992264 78.83305866332944 87.02319067590126 130.20227267771835 62.53572366149203 109.78392517745056 37.921463751137665 90.58141986105123 73.76561581998045 127.94814142251916 21.9914719715363 66.41915530099928 35.56936549718434 124.92924513621709 21.890684941710695 111.4135596958822 0.0 142.87680058360726 108.79382244116728
170.37736012252748 194.79561462873073 137.53936843109517 145.54215139579924 183.62611236943346 189.25880509858825 76.6033713854863 90.25021876667394 66.08307026565767 14.26176377057682 114.59219192102394 95.34833925734426 173.41930303299128 53.790764503508825 182.707600701482 35.10988223782988 145.1306521691851 112.12960977479173 163.6316026640806 43.466325749978495 141.87046181125896 146.22823495577038 142.87680058360726 0.0 152.0438202916195
127.65728036856143 110.73101140534115 208.4960852743176 176.8042870422031 89.58558467209741 191.92031245823733 80.61493119442937 152.60764453920294 140.66329107195799 138.4847125751047 152.9119699319921 58.576858143864285 142.30440801265155 110.47194888352547 68.04633827007959 162.68263039462698 130.11188364113318 155.10384749750614 143.67348424384878 165.59874109600173 87.32277801658502 208.1176711769098 108.79382244116728 152.0438202916195 0.0